21101717
21099953
21099826
21140007
21140437
21154950
21141792
21145814
21138770
21142964
21155725
21137237
21115593
21177029
21170694
21101612
21156074
21079274
21110941
21096357
21100093
21099062
21132164
21099673
21098488
21138311
21112307
21112394
21121228
21086072
21099106
21143914
21063366
21161328
21105187
21059795
21158298
21097156
21062395
21079068
21163259
21163281
21100509
21091104
21166378
21119112
21162057
21143069
21084081
21064177
21114796
21162173
21099129
21139271
21137433
21064979
21160448
21146872
21113206
21098492
21101118
21173938
21165400
21146083
21115933
21114419
21112008
21099691
21136828
21100601
21065314
21161299
21136844
21115586
21169921
21172458
21120592
21061687
21140773
21142699
21180980
21134017
21155327
21135169
21097054
21126484
21097414
21124294
21107683
21097167
21161312
21099198
21065293
21155056
21095835
21161337
21148288
21141900
21161340
21141797
21157393
21157374
21091906
21100110
21166375
21174338
21116022
21175607
21166399
21179282
21064064
21101452
21154523
21099131
21174684
21146055
21099163
21102558
21165949
21099150
21172558
21157497
21095388
21097347
21142711
21154843
21116530
21175460
21106566
21143101
21140011
21137558
21062415
21147467
21099194
21116024
21070907
21079033
21127865
21164657
21095471
21137629
21109213
21100419
21138362
21139378
21066329
21107988
21137240
21099258
21095333
21126125
21136545
21139406
21126114
21163254
21064050
21091227
21141184
21182067
21113154
21133873
21094551
21145089
21156133
21099557
21091882
21174688
21084102
21127864
21112667
21175946
21082938
21098535
21066153
21099957
21144651
21169411
21152757
21136541
21129769
21165099
21094511
21142618
21115742
21155797
21127890
21064003
21151829
21150691
21079273
21126178
21161342
21181733
21151824
21161326
21097166
21064035
21099049
21100960
21140768
21112443
21059800
21144935
21156447
21139222
21097994
21065285
21063367
21102289
21058874
21099828
21150651
21109199
21112813
21127846
21099128
21122158
21095520
21065305
21145968
21155833
21163426
21183432
21098216
21063965
21138490
21112278
21155558
21098931
21101687
21101678
